100%|█████████████████████████████████████████████████████████████████████████████████████████████████████| 3725/3725 [00:39<00:00, 93.91it/s]
acc_1=0.7535570469798658
acc_2=0.8373154362416108
acc_3=0.6606711409395973